296478
297568
298660
299754
300850
301948
303048
304150
305254
306360
307468
308578
309690
310804
311920
313038
314158
315280
316404
317530
318658
319788
320920
322054
323190
324328
325468
326610
327754
328900
330048
331198
332350
333504
334660
335818
336978
338140
339304
340470
341638
342808
343980
345154
346330
347508
348688
349870
351054
352240
353428
354618
355810
357004
358200
359398
360598
361800
363004
364210
365418
366628
367840
369054
370270
371488
372708
373930
375154
376380
377608
378838
380070
381304
382540
383778
385018
386260
387504
388750
389998
391248
392500
393754
395010
396268
397528
398790
400054
401320
402588
403858
405130
406404
407680
408958
410238
411520
412804
414090
415378
416668
417960
419254
420550
421848
423148
424450
425754
427060
428368
429678
430990
432304
433620
434938
436258
437580
438904
440230
441558
442888
444220
445554
446890
448228
449568
450910
452254
453600
454948
456298
457650
459004
460360
461718
463078
464440
465804
467170
468538
469908
471280
472654
474030
475408
476788
478170
479554
480940
482328
483718
485110
486504
487900
489298
490698
492100
493504
494910
496318
497728
499140
500554
501970
503388
504808
506230
507654
509080
510508
511938
513370
514804
516240
517678
519118
520560
522004
523450
524898
526348
527800
529254
530710
532168
533628
535090
536554
538020
539488
540958
542430
543904
545380
546858
548338
549820
551304
552790
554278
555768
557260
558754
560250
561748
563248
564750
566254
567760
569268
570778
572290
573804
575320
576838
578358
579880
581404
582930
584458
585988
587520
589054
590590
592128
593668
595210
596754
598300
599848
601398
602950
604504
606060
607618
609178
